TASK#1: FISHER DISCRIMINANT MODEL
  W_transpose is: [-0.00457795 -0.00257374 -0.00332157 -7.4492e-05 ]

    Accuracy: 0.985437
    Precision: 0.983784
    Recall: 0.983784

  CONFUSION MATRIX
	      Predicted = 0	  Predicted=1
    Actual=0: 224		  3
    Actual=1: 3			 182


TASK#2: PROBABILISTIC GENERATIVE MODEL
    Accuracy: 0.973301
    Precision: 0.943878
    Recall: 1

  CONFUSION MATRIX
	      Predicted = 0	  Predicted=1
    Actual=0: 216		  11
    Actual=1: 0			 185


TASK#3: LOGISTIC REGRESSION (DISCRIMINATIVE MODEL)
  W_transpose is: [6.41386 -6.71389 -3.61529 -4.56107 -0.521709 ]

    Accuracy: 0.997573
    Precision: 1
    Recall: 0.994595

  CONFUSION MATRIX
	      Predicted = 0	  Predicted=1
    Actual=0: 227		  0
    Actual=1: 1			 184
