TASK#1: FISHER DISCRIMINANT MODEL
  W_transpose is: [-0.00457795 -0.00257374 -0.00332157 -7.4492e-05 ]

    Accuracy: 0.985437
    Precision: 0.983784
    Recall: 0.983784

  CONFUSION MATRIX
	      Predicted = 0	  Predicted=1
    Actual=0: 224		  3
    Actual=1: 3			 182


TASK#2: PROBABILISTIC GENERATIVE MODEL
    Accuracy: 0.973301
    Precision: 0.943878
    Recall: 1

  CONFUSION MATRIX
	      Predicted = 0	  Predicted=1
    Actual=0: 216		  11
    Actual=1: 0			 185


TASK#3: LOGISTIC REGRESSION (DISCRIMINATIVE MODEL)
  W_transpose is: [26.5948 -29.2827 -16.1081 -18.6759 -2.40819 ]

    Accuracy: 0.990291
    Precision: 0.983957
    Recall: 0.994595

  CONFUSION MATRIX
	      Predicted = 0	  Predicted=1
    Actual=0: 224		  3
    Actual=1: 1			 184
